Sample	0	1	2	3	4	5	6	7	8	9	10	11	12	13	14	15
E13_1	(1.0, 15.553917101788914)	(2.0, 23.499454617480616)	(3.0, 23.206334048159)	(4.0, 16.57893356990398)	(5.0, 9.546667382375395)	(6.0, 4.787215126585252)	(7.0, 2.324385052917386)	(8.0, 1.1149884545206123)	(9.0, 0.49292416363357394)	('>10', 2.791632715976271)	('>50', 0.08627602919840552)	('>100', 0.007263337364700636)	('>500', 0.010008400095969257)	('>1k', 0.0)	('>5k', 0.0)	('>10k+', 0.0)
E13_2	(1.0, 17.693716338255918)	(2.0, 23.559455660357642)	(3.0, 22.88246864165971)	(4.0, 16.0736508153528)	(5.0, 9.107897585887264)	(6.0, 4.560726629154316)	(7.0, 2.1014074303920296)	(8.0, 0.9590982290320094)	(9.0, 0.4233188950301744)	('>10', 2.503886330899927)	('>50', 0.0830629832293117)	('>100', 0.0)	('>500', 0.0)	('>1k', 0.0)	('>5k', 0.05131046074892508)	('>10k+', 0.0)
E29_A_1	(1.0, 10.2963764819196)	(2.0, 16.887621408536283)	(3.0, 21.356221829678194)	(4.0, 18.711053300380005)	(5.0, 13.879419028988051)	(6.0, 8.632895369085396)	(7.0, 4.7822116706914395)	(8.0, 2.3015475165671826)	(9.0, 1.0497960648028393)	('>10', 2.0990678741666837)	('>50', 0.0037894551843265507)	('>100', 0.0)	('>500', 0.0)	('>1k', 0.0)	('>5k', 0.0)	('>10k+', 0.0)
E29_A_2	(1.0, 10.385237534237952)	(2.0, 17.12642088077246)	(3.0, 21.527828991073235)	(4.0, 19.21743994382924)	(5.0, 13.553582129601827)	(6.0, 8.351922089633074)	(7.0, 4.531545297825313)	(8.0, 2.170798573442417)	(9.0, 1.0726348651191435)	('>10', 1.9939648496615325)	('>50', 0.0023492580607457603)	('>100', 0.002762979522474835)	('>500', 0.0)	('>1k', 0.0)	('>5k', 0.06351260722057796)	('>10k+', 0.0)
E36_1	(1.0, 10.552037941096632)	(2.0, 17.287504730350463)	(3.0, 21.58337229461386)	(4.0, 19.170663406328778)	(5.0, 13.414516155896965)	(6.0, 8.490783599563038)	(7.0, 4.4494515701941175)	(8.0, 2.1946105096163673)	(9.0, 0.9804271945058223)	('>10', 1.8711131551108258)	('>50', 0.0)	('>100', 0.0018613254451353765)	('>500', 0.00365811727801869)	('>1k', 0.0)	('>5k', 0.0)	('>10k+', 0.0)
E36_2	(1.0, 10.904524436845247)	(2.0, 17.830686218444114)	(3.0, 21.889387877532513)	(4.0, 19.254169812431616)	(5.0, 13.374961951464531)	(6.0, 7.825787959648064)	(7.0, 4.168853927851042)	(8.0, 1.9763233430174463)	(9.0, 0.9660209676003353)	('>10', 1.7610810904461567)	('>50', 0.0)	('>100', 0.0)	('>500', 0.0)	('>1k', 0.0)	('>5k', 0.04820241471892007)	('>10k+', 0.0)
E39_A_1	(1.0, 9.791044398717377)	(2.0, 16.43891214977576)	(3.0, 20.685421800928232)	(4.0, 19.07083774809616)	(5.0, 14.231957725952512)	(6.0, 8.979575270922673)	(7.0, 4.940172227700108)	(8.0, 2.4982027350440568)	(9.0, 1.1946612327669142)	('>10', 2.162556272765268)	('>50', 0.003560486806506161)	('>100', 0.0030979505244554586)	('>500', 0.0)	('>1k', 0.0)	('>5k', 0.0)	('>10k+', 0.0)
E39_A_2	(1.0, 10.099998983828678)	(2.0, 16.436477127632713)	(3.0, 21.139707873535187)	(4.0, 19.100536196473186)	(5.0, 14.078188434771889)	(6.0, 8.643281237799478)	(7.0, 4.8233118004200675)	(8.0, 2.3889747660197145)	(9.0, 1.1729032037066143)	('>10', 2.0617555682940276)	('>50', 0.0011746042993886676)	('>100', 0.0013873046351757568)	('>500', 0.0)	('>1k', 0.0)	('>5k', 0.052302898583898305)	('>10k+', 0.0)
E8_1	(1.0, 10.281247886046891)	(2.0, 16.557884947962272)	(3.0, 20.39082473616125)	(4.0, 18.25535815067016)	(5.0, 13.48249440810712)	(6.0, 8.158514681716984)	(7.0, 4.711781374191812)	(8.0, 2.532531335981968)	(9.0, 1.376460630447853)	('>10', 4.187683909770255)	('>50', 0.010784478983937454)	('>100', 0.0070182610075070415)	('>500', 0.004015007680967666)	('>1k', 0.043400191270998464)	('>5k', 0.0)	('>10k+', 0.0)
E8_2	(1.0, 11.45600251195768)	(2.0, 16.938620655739733)	(3.0, 20.871948046843784)	(4.0, 18.265218267255698)	(5.0, 12.739013517517126)	(6.0, 7.8390540389486185)	(7.0, 4.379641875055447)	(8.0, 2.287011363412826)	(9.0, 1.2000156485549631)	('>10', 3.9403563725977704)	('>50', 0.007261310436951635)	('>100', 0.0046067055789881465)	('>500', 0.0)	('>1k', 0.0)	('>5k', 0.0)	('>10k+', 0.07124968610044545)
M12_1	(1.0, 12.509470308015446)	(2.0, 16.73682790615849)	(3.0, 18.76275838738749)	(4.0, 17.19592985690476)	(5.0, 13.012060392753739)	(6.0, 8.232951094842745)	(7.0, 4.9304685848979055)	(8.0, 2.7620974526653557)	(9.0, 1.5146895292362461)	('>10', 3.7880536465510857)	('>50', 0.538707917196602)	('>100', 0.01254575823280139)	('>500', 0.0034391651573664676)	('>1k', 0.0)	('>5k', 0.0)	('>10k+', 0.0)
M12_2	(1.0, 13.513869281854562)	(2.0, 16.900960903092006)	(3.0, 19.4551829205216)	(4.0, 17.131692771408723)	(5.0, 12.598187525996929)	(6.0, 8.026563565671973)	(7.0, 4.571975339406886)	(8.0, 2.4635087586644033)	(9.0, 1.3005357675127476)	('>10', 3.4402830792842614)	('>50', 0.5176395010932539)	('>100', 0.011922157263657697)	('>500', 0.0)	('>1k', 0.0)	('>5k', 0.0)	('>10k+', 0.06767842822902428)
M1_1	(1.0, 9.239376809251857)	(2.0, 14.826752351564682)	(3.0, 19.91149989132318)	(4.0, 18.271305495544983)	(5.0, 14.017251268738857)	(6.0, 9.352016688083856)	(7.0, 5.506502978515365)	(8.0, 2.9913337793394903)	(9.0, 1.649516948996128)	('>10', 4.222388440501939)	('>50', 0.002385095056219394)	('>100', 0.004320265026504484)	('>500', 0.005349988056879889)	('>1k', 0.0)	('>5k', 0.0)	('>10k+', 0.0)
M1_2	(1.0, 10.048620696395128)	(2.0, 15.560519074327326)	(3.0, 19.807277549466036)	(4.0, 18.210225320480752)	(5.0, 13.868258103703281)	(6.0, 8.872410278970207)	(7.0, 5.173832259276503)	(8.0, 2.8010823666724924)	(9.0, 1.5484342789482604)	('>10', 4.027572211206866)	('>50', 0.004913405058866662)	('>100', 0.004289949314583163)	('>500', 0.0)	('>1k', 0.0)	('>5k', 0.0)	('>10k+', 0.07256450617971254)
RAM22_1	(1.0, 9.645267885703364)	(2.0, 15.64459754700986)	(3.0, 19.768713648116485)	(4.0, 18.220167095631147)	(5.0, 13.82730526729327)	(6.0, 8.755366145156335)	(7.0, 4.8821092774685075)	(8.0, 2.853079083882755)	(9.0, 1.4219120592109373)	('>10', 4.120070474604878)	('>50', 0.8470848845531074)	('>100', 0.014326631369349677)	('>500', 0.0)	('>1k', 0.0)	('>5k', 0.0)	('>10k+', 0.0)
RAM22_2	(1.0, 10.68475496879464)	(2.0, 15.83625723026539)	(3.0, 20.297899919880756)	(4.0, 18.086569624074027)	(5.0, 13.365311700458477)	(6.0, 8.409396018930185)	(7.0, 4.814624430826572)	(8.0, 2.4608189267480447)	(9.0, 1.2261797241341812)	('>10', 3.9867502803356802)	('>50', 0.7540366334835955)	('>100', 0.018029812042140294)	('>500', 0.0)	('>1k', 0.0)	('>5k', 0.05937073002631296)	('>10k+', 0.0)
RAM23_1	(1.0, 9.22952664759151)	(2.0, 14.438288535803077)	(3.0, 19.723238387944804)	(4.0, 18.91678004716734)	(5.0, 14.385777734970285)	(6.0, 9.548146336297503)	(7.0, 5.546695226473777)	(8.0, 3.019251389236949)	(9.0, 1.5480947889402872)	('>10', 3.6172257212652923)	('>50', 0.02497588353901371)	('>100', 0.001999300770153646)	('>500', 0.0)	('>1k', 0.0)	('>5k', 0.0)	('>10k+', 0.0)
RAM23_2	(1.0, 9.23627006036896)	(2.0, 14.960970060303483)	(3.0, 19.838013774817203)	(4.0, 18.942436527558527)	(5.0, 14.346982177462214)	(6.0, 9.427456132766991)	(7.0, 5.440046356219037)	(8.0, 2.8523954827794733)	(9.0, 1.3821848103111516)	('>10', 3.4925025605225044)	('>50', 0.02861986778223016)	('>100', 0.0)	('>500', 0.0)	('>1k', 0.0)	('>5k', 0.05212218910822969)	('>10k+', 0.0)
RAM33_1	(1.0, 14.934562325317174)	(2.0, 21.952055916842962)	(3.0, 21.89205312709703)	(4.0, 15.734287758873391)	(5.0, 9.355946240301428)	(6.0, 4.8783962374471495)	(7.0, 2.4234290281245037)	(8.0, 1.0679578687571876)	(9.0, 0.5739130733850031)	('>10', 6.2182666333988905)	('>50', 0.900234059956663)	('>100', 0.03855099862015209)	('>500', 0.007791842782273965)	('>1k', 0.022554889096137228)	('>5k', 0.0)	('>10k+', 0.0)
RAM33_2	(1.0, 16.199568769693563)	(2.0, 22.095783768663306)	(3.0, 21.629418161969046)	(4.0, 15.504134195732552)	(5.0, 9.009394934529139)	(6.0, 4.6577139447156535)	(7.0, 2.3085560146594837)	(8.0, 1.0786254202247514)	(9.0, 0.5263463793563276)	('>10', 6.10544471592303)	('>50', 0.8257927363754599)	('>100', 0.022098769962611797)	('>500', 0.0)	('>1k', 0.03712218819507838)	('>5k', 0.0)	('>10k+', 0.0)
RAM46_1	(1.0, 8.868481525591337)	(2.0, 14.613072294110918)	(3.0, 19.71634577990762)	(4.0, 18.843831573608654)	(5.0, 14.437462801846651)	(6.0, 9.636190826934978)	(7.0, 5.725646840868203)	(8.0, 3.0966441948979955)	(9.0, 1.7012891543444202)	('>10', 3.3464169094215226)	('>50', 0.010755833579623262)	('>100', 0.0038622648880878583)	('>500', 0.0)	('>1k', 0.0)	('>5k', 0.0)	('>10k+', 0.0)
RAM46_2	(1.0, 9.360179422652793)	(2.0, 15.135154739642209)	(3.0, 20.006383982679647)	(4.0, 18.786502686320567)	(5.0, 14.12224103084759)	(6.0, 9.495723259536193)	(7.0, 5.463360120992716)	(8.0, 2.942250471861511)	(9.0, 1.5415519643008118)	('>10', 3.0881083787136787)	('>50', 0.009725619600797014)	('>100', 0.0)	('>500', 0.0)	('>1k', 0.0)	('>5k', 0.04881832285145925)	('>10k+', 0.0)
RAM54_1	(1.0, 10.42643005151643)	(2.0, 16.445874149334553)	(3.0, 20.54537200142852)	(4.0, 18.36371880688458)	(5.0, 13.17894403274826)	(6.0, 8.269238552810931)	(7.0, 4.573077080855799)	(8.0, 2.356119412969195)	(9.0, 1.209259122134136)	('>10', 3.773750047646137)	('>50', 0.838615652992716)	('>100', 0.019601088678706764)	('>500', 0.0)	('>1k', 0.0)	('>5k', 0.0)	('>10k+', 0.0)
RAM54_2	(1.0, 11.2535251084742)	(2.0, 17.05842632736431)	(3.0, 20.6863787355557)	(4.0, 18.118286795782463)	(5.0, 12.9057608532828)	(6.0, 7.994090662579658)	(7.0, 4.191779323899896)	(8.0, 2.165331302964807)	(9.0, 1.0821342772540927)	('>10', 3.610575311893637)	('>50', 0.8435378920473289)	('>100', 0.019490545857549516)	('>500', 0.0)	('>1k', 0.0)	('>5k', 0.0)	('>10k+', 0.07068286304351787)
RAM87_1	(1.0, 9.063084803937357)	(2.0, 14.618354384091353)	(3.0, 19.665495069415304)	(4.0, 18.57281363016429)	(5.0, 14.498763904615306)	(6.0, 9.830441034849159)	(7.0, 5.691806989668364)	(8.0, 3.1503940533346126)	(9.0, 1.5923951043550555)	('>10', 3.3087834998450374)	('>50', 0.0023482500554069833)	('>100', 0.005319275668707922)	('>500', 0.0)	('>1k', 0.0)	('>5k', 0.0)	('>10k+', 0.0)
RAM87_2	(1.0, 9.498203913391867)	(2.0, 15.239017634328835)	(3.0, 19.63416378372614)	(4.0, 18.931322825856288)	(5.0, 14.28128254968267)	(6.0, 9.272643656497785)	(7.0, 5.467660670721211)	(8.0, 2.9832406137698073)	(9.0, 1.4953630652323717)	('>10', 3.116668076245356)	('>50', 0.006101856122903109)	('>100', 0.005904645176197732)	('>500', 0.0)	('>1k', 0.0)	('>5k', 0.0)	('>10k+', 0.06842670924856482)
